UserID: 5942986464 | Time: 2024-07-05 15:42:33.190330 | Command: /bgmi | Target: 20.204.39.150 | Port: 17140 | Time: 250
Username: UserID: 5942986464
Target: 20.204.39.150
Port: 17140
Time: 250

UserID: 5942986464 | Time: 2024-07-05 15:43:01.831843 | Command: /bgmi | Target: 20.204.39.150 | Port: 17140 | Time: 250
Username: UserID: 5942986464
Target: 20.204.39.150
Port: 17140
Time: 250

